Date,Reading,Consumption,Cost
23.12.2023,32965,0,0
31.12.2023,32970,5,11.25
08.01.2024,33057,87,79.96
19.02.2024,33292,235,190.72
12.03.2024,33407,115,101.51
24.04.2024,33630,223,186.49
15.05.2024,33734,104,98.03
26.06.2024,33964,230,191.71
09.07.2024,34053,89,97.72
06.08.2024,34228,175,187.92
11.09.2024,34467,239,250.19
12.10.2024,34622,155,168.45
08.11.2024,34744,122,136.32
